In trans: 0.01
Loading: 0.01, 0.15

Buffer sky130_fd_sc_hd__buf_* Info:
Size     k               b               cap            
--------------------------------------------------
1        6.012892        0.055511        0.002103       
2        2.484284        0.086697        0.001727       
4        1.429871        0.094935        0.002400       
6        1.022770        0.078714        0.004620       
8        0.833302        0.080080        0.007007       
12       0.621765        0.083737        0.009187       
16       0.577835        0.087594        0.013639       

Inverter sky130_fd_sc_hd__inv_* Info:
Size     k               b               cap            
--------------------------------------------------
1        4.474317        0.016583        0.002302       
2        2.352907        0.015086        0.004459       
4        1.345238        0.016207        0.009004       
6        0.956021        0.016781        0.013272       
8        0.730050        0.017008        0.017653       
12       0.534276        0.018485        0.026011       
16       0.440415        0.020665        0.033442       
